subject,label_name,class,n_epochs,n_channels_used,sfreq,n_features
001,OFF,1,314,9,100.0,130
002,OFF,1,293,9,100.0,130
003,CTL,0,296,9,100.0,130
004,OFF,1,317,9,100.0,130
005,CTL,0,248,9,100.0,130
006,OFF,1,315,9,100.0,130
007,OFF,1,310,9,100.0,130
008,OFF,1,307,9,100.0,130
009,OFF,1,274,9,100.0,130
010,OFF,1,312,9,100.0,130
011,OFF,1,317,9,100.0,130
012,OFF,1,317,9,100.0,130
013,OFF,1,300,9,100.0,130
014,OFF,1,318,9,100.0,130
015,OFF,1,312,9,100.0,130
016,OFF,1,270,9,100.0,130
017,OFF,1,314,9,100.0,130
018,OFF,1,300,9,100.0,130
019,OFF,1,316,9,100.0,130
020,OFF,1,267,9,100.0,130
023,OFF,1,309,9,100.0,130
024,OFF,1,284,9,100.0,130
025,OFF,1,303,9,100.0,130
026,OFF,1,315,9,100.0,130
027,OFF,1,191,9,100.0,130
028,CTL,0,284,9,100.0,130
029,CTL,0,312,9,100.0,130
030,CTL,0,297,9,100.0,130
031,CTL,0,209,9,100.0,130
032,CTL,0,300,9,100.0,130
033,CTL,0,290,9,100.0,130
034,CTL,0,259,9,100.0,130
036,CTL,0,303,9,100.0,130
037,CTL,0,289,9,100.0,130
038,CTL,0,268,9,100.0,130
039,CTL,0,155,9,100.0,130
040,CTL,0,290,9,100.0,130
041,CTL,0,311,9,100.0,130
042,CTL,0,274,9,100.0,130
043,CTL,0,302,9,100.0,130
044,CTL,0,269,9,100.0,130
045,CTL,0,235,9,100.0,130
046,CTL,0,145,9,100.0,130
047,CTL,0,268,9,100.0,130
048,CTL,0,301,9,100.0,130
049,CTL,0,313,9,100.0,130
050,CTL,0,272,9,100.0,130
